
[+] General Parameters:
Training data:	task3_train_norm.txt
Train-Validation split: 0.8
Feature vector representation: Dense.
Ranking method:	ListNet
Feature description file:	features.txt
Train metric:	NDCG@20
Test metric:	NDCG@20
Feature normalization: No

[+] ListNet's Parameters:
No. of epochs: 1500
Learning rate: 1.0E-5

Reading feature file [task3_train_norm.txt]: 0... Reading feature file [task3_train_norm.txt]: 0... Reading feature file [task3_train_norm.txt]: 0... Reading feature file [task3_train_norm.txt]: 0... Reading feature file [task3_train_norm.txt]: 0... Reading feature file [task3_train_norm.txt]: 0... Reading feature file [task3_train_norm.txt]: 0... Reading feature file [task3_train_norm.txt]: 0... Reading feature file [task3_train_norm.txt]... [Done.]            
(7033 ranked lists, 75057 entries read)
Initializing... [Done]
-----------------------------------------
Training starts...
--------------------------------------------------
#epoch  | C.E. Loss      | NDCG@20-T | NDCG@20-V | 
--------------------------------------------------
1       | 0.0            | 0.6808    | 0.6773    | 
2       | 0.0            | 0.6821    | 0.6786    | 
3       | 0.0            | 0.6839    | 0.6792    | 
4       | 0.0            | 0.6851    | 0.681     | 
5       | 0.0            | 0.6861    | 0.6827    | 
6       | 0.0            | 0.6874    | 0.6837    | 
7       | 0.0            | 0.6885    | 0.6854    | 
8       | 0.0            | 0.6894    | 0.6867    | 
9       | 0.0            | 0.6902    | 0.6881    | 
10      | 0.0            | 0.6913    | 0.6885    | 
11      | 0.0            | 0.6926    | 0.689     | 
12      | 0.0            | 0.6937    | 0.6896    | 
13      | 0.0            | 0.6945    | 0.6905    | 
14      | 0.0            | 0.6951    | 0.6912    | 
15      | 0.0            | 0.6958    | 0.6918    | 
16      | 0.0            | 0.6963    | 0.6928    | 
17      | 0.0            | 0.6968    | 0.6935    | 
18      | 0.0            | 0.6975    | 0.6938    | 
19      | 0.0            | 0.6976    | 0.6945    | 
20      | 0.0            | 0.6983    | 0.6953    | 
21      | 0.0            | 0.699     | 0.6963    | 
22      | 0.0            | 0.6996    | 0.6965    | 
23      | 0.0            | 0.7       | 0.6974    | 
24      | 0.0            | 0.7003    | 0.698     | 
25      | 0.0            | 0.7009    | 0.6987    | 
26      | 0.0            | 0.7017    | 0.6991    | 
27      | 0.0            | 0.7024    | 0.6993    | 
28      | 0.0            | 0.7029    | 0.6998    | 
29      | 0.0            | 0.7033    | 0.7007    | 
30      | 0.0            | 0.7037    | 0.7012    | 
31      | 0.0            | 0.704     | 0.7017    | 
32      | 0.0            | 0.704     | 0.702     | 
33      | 0.0            | 0.7046    | 0.7023    | 
34      | 0.0            | 0.7049    | 0.7023    | 
35      | 0.0            | 0.7053    | 0.7026    | 
36      | 0.0            | 0.7054    | 0.7025    | 
37      | 0.0            | 0.7058    | 0.7032    | 
38      | 0.0            | 0.7062    | 0.7033    | 
39      | 0.0            | 0.7063    | 0.7039    | 
40      | 0.0            | 0.7065    | 0.7043    | 
41      | 0.0            | 0.7069    | 0.7047    | 
42      | 0.0            | 0.7072    | 0.7051    | 
43      | 0.0            | 0.7074    | 0.7053    | 
44      | 0.0            | 0.7078    | 0.7049    | 
45      | 0.0            | 0.708     | 0.7048    | 
46      | 0.0            | 0.7083    | 0.7052    | 
47      | 0.0            | 0.7085    | 0.7054    | 
48      | 0.0            | 0.7087    | 0.7054    | 
49      | 0.0            | 0.7088    | 0.7057    | 
50      | 0.0            | 0.7089    | 0.7058    | 
51      | 0.0            | 0.709     | 0.706     | 
52      | 0.0            | 0.7091    | 0.7061    | 
53      | 0.0            | 0.7093    | 0.706     | 
54      | 0.0            | 0.7094    | 0.706     | 
55      | 0.0            | 0.7095    | 0.7062    | 
56      | 0.0            | 0.7099    | 0.7065    | 
57      | 0.0            | 0.7099    | 0.7066    | 
58      | 0.0            | 0.7101    | 0.7071    | 
59      | 0.0            | 0.7102    | 0.7075    | 
60      | 0.0            | 0.7104    | 0.7077    | 
61      | 0.0            | 0.7105    | 0.7079    | 
62      | 0.0            | 0.7108    | 0.7078    | 
63      | 0.0            | 0.711     | 0.7083    | 
64      | 0.0            | 0.7112    | 0.7084    | 
65      | 0.0            | 0.7112    | 0.7083    | 
66      | 0.0            | 0.7113    | 0.7087    | 
67      | 0.0            | 0.7114    | 0.7089    | 
68      | 0.0            | 0.7116    | 0.709     | 
69      | 0.0            | 0.7116    | 0.7092    | 
70      | 0.0            | 0.7119    | 0.7096    | 
71      | 0.0            | 0.712     | 0.71      | 
72      | 0.0            | 0.7121    | 0.7104    | 
73      | 0.0            | 0.7124    | 0.7108    | 
74      | 0.0            | 0.7125    | 0.7109    | 
75      | 0.0            | 0.7126    | 0.7109    | 
76      | 0.0            | 0.7127    | 0.7112    | 
77      | 0.0            | 0.7128    | 0.7111    | 
78      | 0.0            | 0.7128    | 0.7112    | 
79      | 0.0            | 0.713     | 0.7115    | 
80      | 0.0            | 0.7131    | 0.7117    | 
81      | 0.0            | 0.7132    | 0.7116    | 
82      | 0.0            | 0.7133    | 0.7118    | 
83      | 0.0            | 0.7134    | 0.712     | 
84      | 0.0            | 0.7134    | 0.712     | 
85      | 0.0            | 0.7137    | 0.7119    | 
86      | 0.0            | 0.7138    | 0.7123    | 
87      | 0.0            | 0.7137    | 0.7123    | 
88      | 0.0            | 0.7137    | 0.7123    | 
89      | 0.0            | 0.714     | 0.7124    | 
90      | 0.0            | 0.7141    | 0.7129    | 
91      | 0.0            | 0.714     | 0.713     | 
92      | 0.0            | 0.7141    | 0.7134    | 
93      | 0.0            | 0.7141    | 0.7135    | 
94      | 0.0            | 0.7141    | 0.7135    | 
95      | 0.0            | 0.7143    | 0.7135    | 
96      | 0.0            | 0.7143    | 0.7134    | 
97      | 0.0            | 0.7144    | 0.7134    | 
98      | 0.0            | 0.7144    | 0.7136    | 
99      | 0.0            | 0.7144    | 0.7136    | 
100     | 0.0            | 0.7146    | 0.7138    | 
101     | 0.0            | 0.7147    | 0.7138    | 
102     | 0.0            | 0.7148    | 0.714     | 
103     | 0.0            | 0.7148    | 0.7141    | 
104     | 0.0            | 0.7148    | 0.7142    | 
105     | 0.0            | 0.7148    | 0.7144    | 
106     | 0.0            | 0.715     | 0.7144    | 
107     | 0.0            | 0.715     | 0.7146    | 
108     | 0.0            | 0.7151    | 0.7148    | 
109     | 0.0            | 0.7151    | 0.7149    | 
110     | 0.0            | 0.7154    | 0.7151    | 
111     | 0.0            | 0.7155    | 0.715     | 
112     | 0.0            | 0.7156    | 0.7151    | 
113     | 0.0            | 0.7158    | 0.7153    | 
114     | 0.0            | 0.7158    | 0.7153    | 
115     | 0.0            | 0.7158    | 0.7154    | 
116     | 0.0            | 0.7159    | 0.7155    | 
117     | 0.0            | 0.7159    | 0.7156    | 
118     | 0.0            | 0.716     | 0.7156    | 
119     | 0.0            | 0.7161    | 0.7155    | 
120     | 0.0            | 0.7161    | 0.7155    | 
121     | 0.0            | 0.7162    | 0.7156    | 
122     | 0.0            | 0.7164    | 0.7153    | 
123     | 0.0            | 0.7164    | 0.7156    | 
124     | 0.0            | 0.7166    | 0.7159    | 
125     | 0.0            | 0.7166    | 0.7159    | 
126     | 0.0            | 0.7166    | 0.7162    | 
127     | 0.0            | 0.7167    | 0.7163    | 
128     | 0.0            | 0.7168    | 0.7162    | 
129     | 0.0            | 0.7169    | 0.7165    | 
130     | 0.0            | 0.7169    | 0.7167    | 
131     | 0.0            | 0.7169    | 0.7168    | 
132     | 0.0            | 0.7171    | 0.7169    | 
133     | 0.0            | 0.7173    | 0.717     | 
134     | 0.0            | 0.7173    | 0.7171    | 
135     | 0.0            | 0.7174    | 0.717     | 
136     | 0.0            | 0.7175    | 0.717     | 
137     | 0.0            | 0.7177    | 0.7173    | 
138     | 0.0            | 0.7177    | 0.7174    | 
139     | 0.0            | 0.7177    | 0.7174    | 
140     | 0.0            | 0.7178    | 0.7175    | 
141     | 0.0            | 0.718     | 0.7176    | 
142     | 0.0            | 0.7181    | 0.7176    | 
143     | 0.0            | 0.7181    | 0.7179    | 
144     | 0.0            | 0.7181    | 0.7178    | 
145     | 0.0            | 0.7181    | 0.7179    | 
146     | 0.0            | 0.7182    | 0.7179    | 
147     | 0.0            | 0.7182    | 0.7179    | 
148     | 0.0            | 0.7182    | 0.7179    | 
149     | 0.0            | 0.7182    | 0.7179    | 
150     | 0.0            | 0.7183    | 0.7179    | 
151     | 0.0            | 0.7183    | 0.7177    | 
152     | 0.0            | 0.7182    | 0.7178    | 
153     | 0.0            | 0.7183    | 0.718     | 
154     | 0.0            | 0.7184    | 0.718     | 
155     | 0.0            | 0.7183    | 0.7182    | 
156     | 0.0            | 0.7184    | 0.7181    | 
157     | 0.0            | 0.7184    | 0.7182    | 
158     | 0.0            | 0.7184    | 0.7183    | 
159     | 0.0            | 0.7184    | 0.7182    | 
160     | 0.0            | 0.7185    | 0.7182    | 
161     | 0.0            | 0.7185    | 0.7181    | 
162     | 0.0            | 0.7186    | 0.7184    | 
163     | 0.0            | 0.7185    | 0.7185    | 
164     | 0.0            | 0.7185    | 0.7186    | 
165     | 0.0            | 0.7186    | 0.7186    | 
166     | 0.0            | 0.7186    | 0.7188    | 
167     | 0.0            | 0.7186    | 0.7187    | 
168     | 0.0            | 0.7186    | 0.7189    | 
169     | 0.0            | 0.7186    | 0.7189    | 
170     | 0.0            | 0.7185    | 0.719     | 
171     | 0.0            | 0.7186    | 0.719     | 
172     | 0.0            | 0.7186    | 0.7188    | 
173     | 0.0            | 0.7186    | 0.7188    | 
174     | 0.0            | 0.7186    | 0.7189    | 
175     | 0.0            | 0.7187    | 0.7188    | 
176     | 0.0            | 0.7188    | 0.7189    | 
177     | 0.0            | 0.7188    | 0.7188    | 
178     | 0.0            | 0.7188    | 0.7188    | 
179     | 0.0            | 0.7188    | 0.7188    | 
180     | 0.0            | 0.7189    | 0.7188    | 
181     | 0.0            | 0.7189    | 0.7188    | 
182     | 0.0            | 0.7189    | 0.7188    | 
183     | 0.0            | 0.7189    | 0.7189    | 
184     | 0.0            | 0.719     | 0.7189    | 
185     | 0.0            | 0.719     | 0.7188    | 
186     | 0.0            | 0.719     | 0.7189    | 
187     | 0.0            | 0.7191    | 0.7191    | 
188     | 0.0            | 0.7191    | 0.7192    | 
189     | 0.0            | 0.7191    | 0.7192    | 
190     | 0.0            | 0.7191    | 0.7192    | 
191     | 0.0            | 0.7192    | 0.7193    | 
192     | 0.0            | 0.7193    | 0.7194    | 
193     | 0.0            | 0.7193    | 0.7194    | 
194     | 0.0            | 0.7193    | 0.7194    | 
195     | 0.0            | 0.7194    | 0.7195    | 
196     | 0.0            | 0.7194    | 0.7195    | 
197     | 0.0            | 0.7194    | 0.7195    | 
198     | 0.0            | 0.7194    | 0.7193    | 
199     | 0.0            | 0.7194    | 0.7193    | 
200     | 0.0            | 0.7194    | 0.7194    | 
201     | 0.0            | 0.7194    | 0.7191    | 
202     | 0.0            | 0.7195    | 0.7191    | 
203     | 0.0            | 0.7194    | 0.7192    | 
204     | 0.0            | 0.7195    | 0.7192    | 
205     | 0.0            | 0.7195    | 0.7194    | 
206     | 0.0            | 0.7195    | 0.7194    | 
207     | 0.0            | 0.7195    | 0.7195    | 
208     | 0.0            | 0.7195    | 0.7195    | 
209     | 0.0            | 0.7195    | 0.7194    | 
210     | 0.0            | 0.7195    | 0.7195    | 
211     | 0.0            | 0.7195    | 0.7195    | 
212     | 0.0            | 0.7195    | 0.7195    | 
213     | 0.0            | 0.7195    | 0.7196    | 
214     | 0.0            | 0.7196    | 0.7196    | 
215     | 0.0            | 0.7196    | 0.7196    | 
216     | 0.0            | 0.7196    | 0.7195    | 
217     | 0.0            | 0.7197    | 0.7194    | 
218     | 0.0            | 0.7198    | 0.7197    | 
219     | 0.0            | 0.7198    | 0.7197    | 
220     | 0.0            | 0.7198    | 0.7199    | 
221     | 0.0            | 0.7198    | 0.7199    | 
222     | 0.0            | 0.7199    | 0.72      | 
223     | 0.0            | 0.7198    | 0.7202    | 
224     | 0.0            | 0.7199    | 0.7202    | 
225     | 0.0            | 0.7199    | 0.7204    | 
226     | 0.0            | 0.7199    | 0.7203    | 
227     | 0.0            | 0.7199    | 0.7203    | 
228     | 0.0            | 0.72      | 0.7204    | 
229     | 0.0            | 0.72      | 0.7204    | 
230     | 0.0            | 0.7199    | 0.7203    | 
231     | 0.0            | 0.72      | 0.7206    | 
232     | 0.0            | 0.72      | 0.7207    | 
233     | 0.0            | 0.7201    | 0.7207    | 
234     | 0.0            | 0.7201    | 0.7207    | 
235     | 0.0            | 0.7201    | 0.7207    | 
236     | 0.0            | 0.7201    | 0.7208    | 
237     | 0.0            | 0.7202    | 0.7211    | 
238     | 0.0            | 0.7202    | 0.7211    | 
239     | 0.0            | 0.7202    | 0.7211    | 
240     | 0.0            | 0.7202    | 0.7211    | 
241     | 0.0            | 0.7202    | 0.7212    | 
242     | 0.0            | 0.7202    | 0.7213    | 
243     | 0.0            | 0.7202    | 0.7212    | 
244     | 0.0            | 0.7202    | 0.7211    | 
245     | 0.0            | 0.7203    | 0.7211    | 
246     | 0.0            | 0.7203    | 0.7211    | 
247     | 0.0            | 0.7204    | 0.7211    | 
248     | 0.0            | 0.7204    | 0.7212    | 
249     | 0.0            | 0.7205    | 0.7213    | 
250     | 0.0            | 0.7206    | 0.7212    | 
251     | 0.0            | 0.7206    | 0.7213    | 
252     | 0.0            | 0.7206    | 0.7214    | 
253     | 0.0            | 0.7206    | 0.7213    | 
254     | 0.0            | 0.7206    | 0.7213    | 
255     | 0.0            | 0.7206    | 0.7213    | 
256     | 0.0            | 0.7207    | 0.7213    | 
257     | 0.0            | 0.7207    | 0.7213    | 
258     | 0.0            | 0.7207    | 0.7213    | 
259     | 0.0            | 0.7208    | 0.7214    | 
260     | 0.0            | 0.7208    | 0.7215    | 
261     | 0.0            | 0.7207    | 0.7215    | 
262     | 0.0            | 0.7207    | 0.7214    | 
263     | 0.0            | 0.7208    | 0.7215    | 
264     | 0.0            | 0.7208    | 0.7215    | 
265     | 0.0            | 0.7208    | 0.7215    | 
266     | 0.0            | 0.7209    | 0.7215    | 
267     | 0.0            | 0.7209    | 0.7215    | 
268     | 0.0            | 0.7208    | 0.7215    | 
269     | 0.0            | 0.7209    | 0.7215    | 
270     | 0.0            | 0.721     | 0.7214    | 
271     | 0.0            | 0.721     | 0.7215    | 
272     | 0.0            | 0.7211    | 0.7215    | 
273     | 0.0            | 0.7211    | 0.7215    | 
274     | 0.0            | 0.7211    | 0.7215    | 
275     | 0.0            | 0.7211    | 0.7216    | 
276     | 0.0            | 0.7211    | 0.7217    | 
277     | 0.0            | 0.7212    | 0.7217    | 
278     | 0.0            | 0.7211    | 0.7218    | 
279     | 0.0            | 0.7212    | 0.7218    | 
280     | 0.0            | 0.7212    | 0.7218    | 
281     | 0.0            | 0.7212    | 0.7218    | 
282     | 0.0            | 0.7213    | 0.7218    | 
283     | 0.0            | 0.7213    | 0.7218    | 
284     | 0.0            | 0.7213    | 0.7218    | 
285     | 0.0            | 0.7213    | 0.7218    | 
286     | 0.0            | 0.7213    | 0.7218    | 
287     | 0.0            | 0.7212    | 0.7218    | 
288     | 0.0            | 0.7212    | 0.7218    | 
289     | 0.0            | 0.7213    | 0.7217    | 
290     | 0.0            | 0.7213    | 0.7217    | 
291     | 0.0            | 0.7213    | 0.7217    | 
292     | 0.0            | 0.7213    | 0.7217    | 
293     | 0.0            | 0.7213    | 0.7217    | 
294     | 0.0            | 0.7213    | 0.7219    | 
295     | 0.0            | 0.7214    | 0.7219    | 
296     | 0.0            | 0.7214    | 0.7219    | 
297     | 0.0            | 0.7214    | 0.7218    | 
298     | 0.0            | 0.7214    | 0.7218    | 
299     | 0.0            | 0.7214    | 0.7219    | 
300     | 0.0            | 0.7215    | 0.722     | 
301     | 0.0            | 0.7215    | 0.722     | 
302     | 0.0            | 0.7215    | 0.7218    | 
303     | 0.0            | 0.7214    | 0.7218    | 
304     | 0.0            | 0.7215    | 0.7219    | 
305     | 0.0            | 0.7215    | 0.7221    | 
306     | 0.0            | 0.7216    | 0.7221    | 
307     | 0.0            | 0.7216    | 0.7222    | 
308     | 0.0            | 0.7216    | 0.7223    | 
309     | 0.0            | 0.7217    | 0.7221    | 
310     | 0.0            | 0.7217    | 0.7221    | 
311     | 0.0            | 0.7218    | 0.722     | 
312     | 0.0            | 0.7218    | 0.722     | 
313     | 0.0            | 0.7218    | 0.722     | 
314     | 0.0            | 0.7219    | 0.722     | 
315     | 0.0            | 0.7219    | 0.7221    | 
316     | 0.0            | 0.7219    | 0.7221    | 
317     | 0.0            | 0.7219    | 0.7221    | 
318     | 0.0            | 0.722     | 0.7222    | 
319     | 0.0            | 0.722     | 0.7223    | 
320     | 0.0            | 0.722     | 0.7222    | 
321     | 0.0            | 0.7221    | 0.7222    | 
322     | 0.0            | 0.7221    | 0.7222    | 
323     | 0.0            | 0.7221    | 0.7223    | 
324     | 0.0            | 0.7222    | 0.7222    | 
325     | 0.0            | 0.7222    | 0.7223    | 
326     | 0.0            | 0.7222    | 0.7223    | 
327     | 0.0            | 0.7222    | 0.7225    | 
328     | 0.0            | 0.7223    | 0.7225    | 
329     | 0.0            | 0.7224    | 0.7225    | 
330     | 0.0            | 0.7224    | 0.7224    | 
331     | 0.0            | 0.7224    | 0.7224    | 
332     | 0.0            | 0.7224    | 0.7224    | 
333     | 0.0            | 0.7224    | 0.7223    | 
334     | 0.0            | 0.7224    | 0.7222    | 
335     | 0.0            | 0.7223    | 0.7222    | 
336     | 0.0            | 0.7224    | 0.7222    | 
337     | 0.0            | 0.7225    | 0.7223    | 
338     | 0.0            | 0.7225    | 0.7224    | 
339     | 0.0            | 0.7225    | 0.7224    | 
340     | 0.0            | 0.7225    | 0.7224    | 
341     | 0.0            | 0.7225    | 0.7225    | 
342     | 0.0            | 0.7225    | 0.7225    | 
343     | 0.0            | 0.7225    | 0.7227    | 
344     | 0.0            | 0.7225    | 0.7227    | 
345     | 0.0            | 0.7224    | 0.7227    | 
346     | 0.0            | 0.7225    | 0.7227    | 
347     | 0.0            | 0.7225    | 0.7227    | 
348     | 0.0            | 0.7225    | 0.7227    | 
349     | 0.0            | 0.7226    | 0.7226    | 
350     | 0.0            | 0.7226    | 0.7225    | 
351     | 0.0            | 0.7226    | 0.7225    | 
352     | 0.0            | 0.7227    | 0.7225    | 
353     | 0.0            | 0.7227    | 0.7226    | 
354     | 0.0            | 0.7227    | 0.7227    | 
355     | 0.0            | 0.7227    | 0.7228    | 
356     | 0.0            | 0.7227    | 0.7228    | 
357     | 0.0            | 0.7227    | 0.7227    | 
358     | 0.0            | 0.7226    | 0.7226    | 
359     | 0.0            | 0.7227    | 0.7227    | 
360     | 0.0            | 0.7228    | 0.7227    | 
361     | 0.0            | 0.7228    | 0.7227    | 
362     | 0.0            | 0.7229    | 0.7227    | 
363     | 0.0            | 0.7229    | 0.7226    | 
364     | 0.0            | 0.7229    | 0.7227    | 
365     | 0.0            | 0.7229    | 0.7226    | 
366     | 0.0            | 0.7229    | 0.7225    | 
367     | 0.0            | 0.7229    | 0.7225    | 
368     | 0.0            | 0.723     | 0.7228    | 
369     | 0.0            | 0.7229    | 0.7228    | 
370     | 0.0            | 0.723     | 0.7228    | 
371     | 0.0            | 0.723     | 0.7228    | 
372     | 0.0            | 0.723     | 0.7228    | 
373     | 0.0            | 0.723     | 0.7228    | 
374     | 0.0            | 0.723     | 0.7228    | 
375     | 0.0            | 0.723     | 0.7228    | 
376     | 0.0            | 0.7231    | 0.7228    | 
377     | 0.0            | 0.7231    | 0.7228    | 
378     | 0.0            | 0.7231    | 0.7229    | 
379     | 0.0            | 0.7231    | 0.7229    | 
380     | 0.0            | 0.7231    | 0.7229    | 
381     | 0.0            | 0.7231    | 0.723     | 
382     | 0.0            | 0.7231    | 0.7229    | 
383     | 0.0            | 0.7231    | 0.7229    | 
384     | 0.0            | 0.723     | 0.7229    | 
385     | 0.0            | 0.723     | 0.7226    | 
386     | 0.0            | 0.7231    | 0.7226    | 
387     | 0.0            | 0.7231    | 0.7226    | 
388     | 0.0            | 0.7231    | 0.7226    | 
389     | 0.0            | 0.7231    | 0.7225    | 
390     | 0.0            | 0.7231    | 0.7225    | 
391     | 0.0            | 0.7231    | 0.7226    | 
392     | 0.0            | 0.7231    | 0.7226    | 
393     | 0.0            | 0.7231    | 0.7226    | 
394     | 0.0            | 0.7231    | 0.7223    | 
395     | 0.0            | 0.7231    | 0.7223    | 
396     | 0.0            | 0.7231    | 0.7223    | 
397     | 0.0            | 0.7232    | 0.7223    | 
398     | 0.0            | 0.7232    | 0.7224    | 
399     | 0.0            | 0.7232    | 0.7225    | 
400     | 0.0            | 0.7232    | 0.7225    | 
401     | 0.0            | 0.7233    | 0.7224    | 
402     | 0.0            | 0.7233    | 0.7223    | 
403     | 0.0            | 0.7233    | 0.7223    | 
404     | 0.0            | 0.7233    | 0.7224    | 
405     | 0.0            | 0.7233    | 0.7225    | 
406     | 0.0            | 0.7233    | 0.7225    | 
407     | 0.0            | 0.7233    | 0.7225    | 
408     | 0.0            | 0.7233    | 0.7225    | 
409     | 0.0            | 0.7234    | 0.7226    | 
410     | 0.0            | 0.7234    | 0.7226    | 
411     | 0.0            | 0.7234    | 0.7226    | 
412     | 0.0            | 0.7234    | 0.7226    | 
413     | 0.0            | 0.7235    | 0.7226    | 
414     | 0.0            | 0.7235    | 0.7226    | 
415     | 0.0            | 0.7235    | 0.7226    | 
416     | 0.0            | 0.7235    | 0.7227    | 
417     | 0.0            | 0.7235    | 0.7227    | 
418     | 0.0            | 0.7235    | 0.7228    | 
419     | 0.0            | 0.7235    | 0.7228    | 
420     | 0.0            | 0.7235    | 0.7228    | 
421     | 0.0            | 0.7235    | 0.7227    | 
422     | 0.0            | 0.7234    | 0.723     | 
423     | 0.0            | 0.7234    | 0.7229    | 
424     | 0.0            | 0.7234    | 0.7229    | 
425     | 0.0            | 0.7234    | 0.7229    | 
426     | 0.0            | 0.7235    | 0.7229    | 
427     | 0.0            | 0.7235    | 0.7229    | 
428     | 0.0            | 0.7235    | 0.723     | 
429     | 0.0            | 0.7235    | 0.723     | 
430     | 0.0            | 0.7235    | 0.7229    | 
431     | 0.0            | 0.7236    | 0.7229    | 
432     | 0.0            | 0.7235    | 0.723     | 
433     | 0.0            | 0.7235    | 0.723     | 
434     | 0.0            | 0.7235    | 0.723     | 
435     | 0.0            | 0.7235    | 0.723     | 
436     | 0.0            | 0.7236    | 0.723     | 
437     | 0.0            | 0.7236    | 0.7231    | 
438     | 0.0            | 0.7236    | 0.723     | 
439     | 0.0            | 0.7236    | 0.723     | 
440     | 0.0            | 0.7236    | 0.723     | 
441     | 0.0            | 0.7237    | 0.7232    | 
442     | 0.0            | 0.7237    | 0.7231    | 
443     | 0.0            | 0.7237    | 0.7231    | 
444     | 0.0            | 0.7237    | 0.7231    | 
445     | 0.0            | 0.7237    | 0.7231    | 
446     | 0.0            | 0.7237    | 0.7233    | 
447     | 0.0            | 0.7237    | 0.7234    | 
448     | 0.0            | 0.7237    | 0.7234    | 
449     | 0.0            | 0.7236    | 0.7234    | 
450     | 0.0            | 0.7237    | 0.7234    | 
451     | 0.0            | 0.7237    | 0.7234    | 
452     | 0.0            | 0.7237    | 0.7235    | 
453     | 0.0            | 0.7237    | 0.7235    | 
454     | 0.0            | 0.7237    | 0.7235    | 
455     | 0.0            | 0.7237    | 0.7233    | 
456     | 0.0            | 0.7237    | 0.7232    | 
457     | 0.0            | 0.7237    | 0.7232    | 
458     | 0.0            | 0.7237    | 0.7232    | 
459     | 0.0            | 0.7237    | 0.7232    | 
460     | 0.0            | 0.7237    | 0.7231    | 
461     | 0.0            | 0.7237    | 0.7231    | 
462     | 0.0            | 0.7237    | 0.723     | 
463     | 0.0            | 0.7237    | 0.723     | 
464     | 0.0            | 0.7237    | 0.723     | 
465     | 0.0            | 0.7237    | 0.723     | 
466     | 0.0            | 0.7237    | 0.7231    | 
467     | 0.0            | 0.7238    | 0.7231    | 
468     | 0.0            | 0.7238    | 0.7232    | 
469     | 0.0            | 0.7238    | 0.7233    | 
470     | 0.0            | 0.7238    | 0.7232    | 
471     | 0.0            | 0.7238    | 0.7233    | 
472     | 0.0            | 0.7238    | 0.7233    | 
473     | 0.0            | 0.7237    | 0.7232    | 
474     | 0.0            | 0.7238    | 0.7232    | 
475     | 0.0            | 0.7237    | 0.7232    | 
476     | 0.0            | 0.7237    | 0.7231    | 
477     | 0.0            | 0.7237    | 0.7231    | 
478     | 0.0            | 0.7237    | 0.7231    | 
479     | 0.0            | 0.7237    | 0.7232    | 
480     | 0.0            | 0.7237    | 0.7232    | 
481     | 0.0            | 0.7237    | 0.7231    | 
482     | 0.0            | 0.7237    | 0.7231    | 
483     | 0.0            | 0.7237    | 0.7231    | 
484     | 0.0            | 0.7237    | 0.723     | 
485     | 0.0            | 0.7238    | 0.7232    | 
486     | 0.0            | 0.7238    | 0.7232    | 
487     | 0.0            | 0.7238    | 0.7231    | 
488     | 0.0            | 0.7238    | 0.7233    | 
489     | 0.0            | 0.7238    | 0.7233    | 
490     | 0.0            | 0.7238    | 0.7233    | 
491     | 0.0            | 0.7237    | 0.7233    | 
492     | 0.0            | 0.7237    | 0.7233    | 
493     | 0.0            | 0.7237    | 0.7233    | 
494     | 0.0            | 0.7238    | 0.7233    | 
495     | 0.0            | 0.7238    | 0.7232    | 
496     | 0.0            | 0.7238    | 0.7233    | 
497     | 0.0            | 0.7238    | 0.7232    | 
498     | 0.0            | 0.7237    | 0.7232    | 
499     | 0.0            | 0.7237    | 0.7232    | 
500     | 0.0            | 0.7237    | 0.7232    | 
501     | 0.0            | 0.7237    | 0.7233    | 
502     | 0.0            | 0.7237    | 0.7231    | 
503     | 0.0            | 0.7237    | 0.7231    | 
504     | 0.0            | 0.7237    | 0.7231    | 
505     | 0.0            | 0.7237    | 0.7231    | 
506     | 0.0            | 0.7237    | 0.7231    | 
507     | 0.0            | 0.7237    | 0.7231    | 
508     | 0.0            | 0.7237    | 0.7231    | 
509     | 0.0            | 0.7237    | 0.7231    | 
510     | 0.0            | 0.7237    | 0.7231    | 
511     | 0.0            | 0.7237    | 0.7231    | 
512     | 0.0            | 0.7237    | 0.7231    | 
513     | 0.0            | 0.7237    | 0.7231    | 
514     | 0.0            | 0.7237    | 0.7231    | 
515     | 0.0            | 0.7237    | 0.7232    | 
516     | 0.0            | 0.7237    | 0.7232    | 
517     | 0.0            | 0.7236    | 0.7232    | 
518     | 0.0            | 0.7236    | 0.7232    | 
519     | 0.0            | 0.7236    | 0.7232    | 
520     | 0.0            | 0.7236    | 0.7233    | 
521     | 0.0            | 0.7236    | 0.7233    | 
522     | 0.0            | 0.7236    | 0.7233    | 
523     | 0.0            | 0.7236    | 0.7233    | 
524     | 0.0            | 0.7236    | 0.7233    | 
525     | 0.0            | 0.7236    | 0.7235    | 
526     | 0.0            | 0.7236    | 0.7235    | 
527     | 0.0            | 0.7236    | 0.7235    | 
528     | 0.0            | 0.7236    | 0.7235    | 
529     | 0.0            | 0.7236    | 0.7234    | 
530     | 0.0            | 0.7235    | 0.7234    | 
531     | 0.0            | 0.7235    | 0.7235    | 
532     | 0.0            | 0.7235    | 0.7234    | 
533     | 0.0            | 0.7235    | 0.7234    | 
534     | 0.0            | 0.7235    | 0.7234    | 
535     | 0.0            | 0.7235    | 0.7234    | 
536     | 0.0            | 0.7235    | 0.7234    | 
537     | 0.0            | 0.7235    | 0.7234    | 
538     | 0.0            | 0.7235    | 0.7234    | 
539     | 0.0            | 0.7235    | 0.7234    | 
540     | 0.0            | 0.7235    | 0.7235    | 
541     | 0.0            | 0.7235    | 0.7233    | 
542     | 0.0            | 0.7235    | 0.7234    | 
543     | 0.0            | 0.7235    | 0.7234    | 
544     | 0.0            | 0.7235    | 0.7234    | 
545     | 0.0            | 0.7236    | 0.7234    | 
546     | 0.0            | 0.7236    | 0.7234    | 
547     | 0.0            | 0.7236    | 0.7234    | 
548     | 0.0            | 0.7236    | 0.7234    | 
549     | 0.0            | 0.7236    | 0.7233    | 
550     | 0.0            | 0.7236    | 0.7233    | 
551     | 0.0            | 0.7236    | 0.7233    | 
552     | 0.0            | 0.7236    | 0.7233    | 
553     | 0.0            | 0.7236    | 0.7233    | 
554     | 0.0            | 0.7236    | 0.7233    | 
555     | 0.0            | 0.7236    | 0.7232    | 
556     | 0.0            | 0.7237    | 0.7232    | 
557     | 0.0            | 0.7236    | 0.7232    | 
558     | 0.0            | 0.7237    | 0.7232    | 
559     | 0.0            | 0.7237    | 0.7232    | 
560     | 0.0            | 0.7237    | 0.7232    | 
561     | 0.0            | 0.7237    | 0.7233    | 
562     | 0.0            | 0.7237    | 0.7232    | 
563     | 0.0            | 0.7237    | 0.7232    | 
564     | 0.0            | 0.7237    | 0.7232    | 
565     | 0.0            | 0.7238    | 0.7232    | 
566     | 0.0            | 0.7238    | 0.7232    | 
567     | 0.0            | 0.7238    | 0.7231    | 
568     | 0.0            | 0.7238    | 0.7231    | 
569     | 0.0            | 0.7238    | 0.7231    | 
570     | 0.0            | 0.7238    | 0.7232    | 
571     | 0.0            | 0.7238    | 0.7232    | 
572     | 0.0            | 0.7238    | 0.7232    | 
573     | 0.0            | 0.7238    | 0.7232    | 
574     | 0.0            | 0.7238    | 0.7232    | 
575     | 0.0            | 0.7238    | 0.7232    | 
576     | 0.0            | 0.7238    | 0.7232    | 
577     | 0.0            | 0.7238    | 0.7232    | 
578     | 0.0            | 0.7238    | 0.7232    | 
579     | 0.0            | 0.7238    | 0.7232    | 
580     | 0.0            | 0.7238    | 0.7229    | 
581     | 0.0            | 0.7238    | 0.7229    | 
582     | 0.0            | 0.7238    | 0.7229    | 
583     | 0.0            | 0.7239    | 0.7229    | 
584     | 0.0            | 0.7239    | 0.7229    | 
585     | 0.0            | 0.7238    | 0.7228    | 
586     | 0.0            | 0.7237    | 0.7228    | 
587     | 0.0            | 0.7238    | 0.7228    | 
588     | 0.0            | 0.7238    | 0.7228    | 
589     | 0.0            | 0.7238    | 0.7228    | 
590     | 0.0            | 0.7237    | 0.7228    | 
591     | 0.0            | 0.7237    | 0.7226    | 
592     | 0.0            | 0.7237    | 0.7225    | 
593     | 0.0            | 0.7237    | 0.7225    | 
594     | 0.0            | 0.7237    | 0.7224    | 
595     | 0.0            | 0.7237    | 0.7225    | 
596     | 0.0            | 0.7236    | 0.7224    | 
597     | 0.0            | 0.7236    | 0.7223    | 
598     | 0.0            | 0.7235    | 0.7223    | 
599     | 0.0            | 0.7236    | 0.7223    | 
600     | 0.0            | 0.7236    | 0.7224    | 
601     | 0.0            | 0.7236    | 0.7224    | 
602     | 0.0            | 0.7236    | 0.7224    | 
603     | 0.0            | 0.7236    | 0.7224    | 
604     | 0.0            | 0.7236    | 0.7224    | 
605     | 0.0            | 0.7236    | 0.7224    | 
606     | 0.0            | 0.7236    | 0.7224    | 
607     | 0.0            | 0.7236    | 0.7224    | 
608     | 0.0            | 0.7236    | 0.7224    | 
609     | 0.0            | 0.7236    | 0.7224    | 
610     | 0.0            | 0.7236    | 0.7224    | 
611     | 0.0            | 0.7235    | 0.7223    | 
612     | 0.0            | 0.7235    | 0.7224    | 
613     | 0.0            | 0.7235    | 0.7223    | 
614     | 0.0            | 0.7235    | 0.7223    | 
615     | 0.0            | 0.7235    | 0.7223    | 
616     | 0.0            | 0.7235    | 0.7223    | 
617     | 0.0            | 0.7235    | 0.7224    | 
618     | 0.0            | 0.7235    | 0.7224    | 
619     | 0.0            | 0.7236    | 0.7224    | 
620     | 0.0            | 0.7236    | 0.7224    | 
621     | 0.0            | 0.7236    | 0.7225    | 
622     | 0.0            | 0.7236    | 0.7225    | 
623     | 0.0            | 0.7236    | 0.7225    | 
624     | 0.0            | 0.7237    | 0.7225    | 
625     | 0.0            | 0.7237    | 0.7225    | 
626     | 0.0            | 0.7237    | 0.7225    | 
627     | 0.0            | 0.7237    | 0.7226    | 
628     | 0.0            | 0.7237    | 0.7226    | 
629     | 0.0            | 0.7236    | 0.7226    | 
630     | 0.0            | 0.7236    | 0.7226    | 
631     | 0.0            | 0.7236    | 0.7226    | 
632     | 0.0            | 0.7236    | 0.7226    | 
633     | 0.0            | 0.7237    | 0.7226    | 
634     | 0.0            | 0.7237    | 0.7226    | 
635     | 0.0            | 0.7237    | 0.7226    | 
636     | 0.0            | 0.7237    | 0.7226    | 
637     | 0.0            | 0.7237    | 0.7226    | 
638     | 0.0            | 0.7237    | 0.7226    | 
639     | 0.0            | 0.7238    | 0.7226    | 
640     | 0.0            | 0.7238    | 0.7225    | 
641     | 0.0            | 0.7238    | 0.7225    | 
642     | 0.0            | 0.7238    | 0.7224    | 
643     | 0.0            | 0.7238    | 0.7224    | 
644     | 0.0            | 0.7238    | 0.7224    | 
645     | 0.0            | 0.7238    | 0.7224    | 
646     | 0.0            | 0.7239    | 0.7224    | 
647     | 0.0            | 0.7239    | 0.7224    | 
648     | 0.0            | 0.7239    | 0.7224    | 
649     | 0.0            | 0.724     | 0.7224    | 
650     | 0.0            | 0.724     | 0.7224    | 
651     | 0.0            | 0.724     | 0.7224    | 
652     | 0.0            | 0.724     | 0.7224    | 
653     | 0.0            | 0.724     | 0.7224    | 
654     | 0.0            | 0.724     | 0.7225    | 
655     | 0.0            | 0.7239    | 0.7225    | 
656     | 0.0            | 0.724     | 0.7225    | 
657     | 0.0            | 0.7239    | 0.7225    | 
658     | 0.0            | 0.7239    | 0.7225    | 
659     | 0.0            | 0.7239    | 0.7225    | 
660     | 0.0            | 0.7239    | 0.7225    | 
661     | 0.0            | 0.7239    | 0.7225    | 
662     | 0.0            | 0.7239    | 0.7225    | 
663     | 0.0            | 0.7239    | 0.7225    | 
664     | 0.0            | 0.7239    | 0.7225    | 
665     | 0.0            | 0.7239    | 0.7224    | 
666     | 0.0            | 0.7239    | 0.7225    | 
667     | 0.0            | 0.7239    | 0.7224    | 
668     | 0.0            | 0.7239    | 0.7224    | 
669     | 0.0            | 0.7239    | 0.7224    | 
670     | 0.0            | 0.7239    | 0.7225    | 
671     | 0.0            | 0.7239    | 0.7225    | 
672     | 0.0            | 0.7239    | 0.7225    | 
673     | 0.0            | 0.7239    | 0.7225    | 
674     | 0.0            | 0.7239    | 0.7225    | 
675     | 0.0            | 0.7239    | 0.7225    | 
676     | 0.0            | 0.7239    | 0.7224    | 
677     | 0.0            | 0.7239    | 0.7224    | 
678     | 0.0            | 0.7239    | 0.7224    | 
679     | 0.0            | 0.7239    | 0.7225    | 
680     | 0.0            | 0.7239    | 0.7225    | 
681     | 0.0            | 0.7239    | 0.7225    | 
682     | 0.0            | 0.7239    | 0.7225    | 
683     | 0.0            | 0.7239    | 0.7225    | 
684     | 0.0            | 0.7239    | 0.7225    | 
685     | 0.0            | 0.7239    | 0.7225    | 
686     | 0.0            | 0.7239    | 0.7225    | 
687     | 0.0            | 0.7239    | 0.7225    | 
688     | 0.0            | 0.7239    | 0.7225    | 
689     | 0.0            | 0.7239    | 0.7225    | 
690     | 0.0            | 0.724     | 0.7225    | 
691     | 0.0            | 0.724     | 0.7225    | 
692     | 0.0            | 0.724     | 0.7224    | 
693     | 0.0            | 0.724     | 0.7224    | 
694     | 0.0            | 0.724     | 0.7224    | 
695     | 0.0            | 0.724     | 0.7224    | 
696     | 0.0            | 0.724     | 0.7225    | 
697     | 0.0            | 0.724     | 0.7225    | 
698     | 0.0            | 0.724     | 0.7225    | 
699     | 0.0            | 0.724     | 0.7225    | 
700     | 0.0            | 0.724     | 0.7225    | 
701     | 0.0            | 0.724     | 0.7225    | 
702     | 0.0            | 0.7241    | 0.7225    | 
703     | 0.0            | 0.7241    | 0.7225    | 
704     | 0.0            | 0.7241    | 0.7225    | 
705     | 0.0            | 0.7241    | 0.7225    | 
706     | 0.0            | 0.7241    | 0.7225    | 
707     | 0.0            | 0.7241    | 0.7225    | 
708     | 0.0            | 0.7241    | 0.7225    | 
709     | 0.0            | 0.7241    | 0.7225    | 
710     | 0.0            | 0.7241    | 0.7225    | 
711     | 0.0            | 0.7241    | 0.7225    | 
712     | 0.0            | 0.7241    | 0.7225    | 
713     | 0.0            | 0.7241    | 0.7224    | 
714     | 0.0            | 0.7241    | 0.7224    | 
715     | 0.0            | 0.7241    | 0.7224    | 
716     | 0.0            | 0.7241    | 0.7224    | 
717     | 0.0            | 0.7241    | 0.7224    | 
718     | 0.0            | 0.7241    | 0.7224    | 
719     | 0.0            | 0.7241    | 0.7224    | 
720     | 0.0            | 0.7241    | 0.7224    | 
721     | 0.0            | 0.7241    | 0.7224    | 
722     | 0.0            | 0.7241    | 0.7224    | 
723     | 0.0            | 0.724     | 0.7224    | 
724     | 0.0            | 0.724     | 0.7224    | 
725     | 0.0            | 0.724     | 0.7224    | 
726     | 0.0            | 0.724     | 0.7224    | 
727     | 0.0            | 0.724     | 0.7224    | 
728     | 0.0            | 0.724     | 0.7224    | 
729     | 0.0            | 0.7239    | 0.7224    | 
730     | 0.0            | 0.7239    | 0.7225    | 
731     | 0.0            | 0.7239    | 0.7225    | 
732     | 0.0            | 0.7239    | 0.7225    | 
733     | 0.0            | 0.7239    | 0.7226    | 
734     | 0.0            | 0.7239    | 0.7226    | 
735     | 0.0            | 0.7239    | 0.7226    | 
736     | 0.0            | 0.7239    | 0.7226    | 
737     | 0.0            | 0.724     | 0.7225    | 
738     | 0.0            | 0.724     | 0.7225    | 
739     | 0.0            | 0.724     | 0.7225    | 
740     | 0.0            | 0.724     | 0.7225    | 
741     | 0.0            | 0.724     | 0.7225    | 
742     | 0.0            | 0.724     | 0.7225    | 
743     | 0.0            | 0.724     | 0.7225    | 
744     | 0.0            | 0.724     | 0.7225    | 
745     | 0.0            | 0.724     | 0.7225    | 
746     | 0.0            | 0.724     | 0.7225    | 
747     | 0.0            | 0.724     | 0.7225    | 
748     | 0.0            | 0.724     | 0.7225    | 
749     | 0.0            | 0.724     | 0.7225    | 
750     | 0.0            | 0.724     | 0.7224    | 
751     | 0.0            | 0.724     | 0.7223    | 
752     | 0.0            | 0.724     | 0.7223    | 
753     | 0.0            | 0.724     | 0.7223    | 
754     | 0.0            | 0.724     | 0.7223    | 
755     | 0.0            | 0.724     | 0.7223    | 
756     | 0.0            | 0.724     | 0.7223    | 
757     | 0.0            | 0.724     | 0.7223    | 
758     | 0.0            | 0.724     | 0.7222    | 
759     | 0.0            | 0.724     | 0.7223    | 
760     | 0.0            | 0.724     | 0.7223    | 
761     | 0.0            | 0.724     | 0.7223    | 
762     | 0.0            | 0.724     | 0.7223    | 
763     | 0.0            | 0.724     | 0.7222    | 
764     | 0.0            | 0.724     | 0.7222    | 
765     | 0.0            | 0.724     | 0.7223    | 
766     | 0.0            | 0.724     | 0.7223    | 
767     | 0.0            | 0.724     | 0.7223    | 
768     | 0.0            | 0.724     | 0.7223    | 
769     | 0.0            | 0.724     | 0.7223    | 
770     | 0.0            | 0.724     | 0.7223    | 
771     | 0.0            | 0.724     | 0.7223    | 
772     | 0.0            | 0.724     | 0.7224    | 
773     | 0.0            | 0.724     | 0.7224    | 
774     | 0.0            | 0.724     | 0.7224    | 
775     | 0.0            | 0.724     | 0.7224    | 
776     | 0.0            | 0.724     | 0.7224    | 
777     | 0.0            | 0.724     | 0.7223    | 
778     | 0.0            | 0.724     | 0.7224    | 
779     | 0.0            | 0.724     | 0.7224    | 
780     | 0.0            | 0.724     | 0.7222    | 
781     | 0.0            | 0.724     | 0.7222    | 
782     | 0.0            | 0.724     | 0.7222    | 
783     | 0.0            | 0.724     | 0.7222    | 
784     | 0.0            | 0.724     | 0.7222    | 
785     | 0.0            | 0.7241    | 0.7222    | 
786     | 0.0            | 0.7241    | 0.7223    | 
787     | 0.0            | 0.7241    | 0.7223    | 
788     | 0.0            | 0.7241    | 0.7223    | 
789     | 0.0            | 0.7241    | 0.7223    | 
790     | 0.0            | 0.7241    | 0.7223    | 
791     | 0.0            | 0.7241    | 0.7222    | 
792     | 0.0            | 0.7241    | 0.7222    | 
793     | 0.0            | 0.7241    | 0.7222    | 
794     | 0.0            | 0.7241    | 0.7222    | 
795     | 0.0            | 0.7241    | 0.7222    | 
796     | 0.0            | 0.7241    | 0.7222    | 
797     | 0.0            | 0.7241    | 0.7221    | 
798     | 0.0            | 0.7241    | 0.7221    | 
799     | 0.0            | 0.7241    | 0.7219    | 
800     | 0.0            | 0.724     | 0.7219    | 
801     | 0.0            | 0.724     | 0.7219    | 
802     | 0.0            | 0.7241    | 0.7219    | 
803     | 0.0            | 0.7241    | 0.7219    | 
804     | 0.0            | 0.7241    | 0.7219    | 
805     | 0.0            | 0.7241    | 0.7219    | 
806     | 0.0            | 0.7241    | 0.7219    | 
807     | 0.0            | 0.7241    | 0.7219    | 
808     | 0.0            | 0.7241    | 0.722     | 
809     | 0.0            | 0.7241    | 0.7219    | 
810     | 0.0            | 0.7241    | 0.7219    | 
811     | 0.0            | 0.7241    | 0.7219    | 
812     | 0.0            | 0.7242    | 0.7219    | 
813     | 0.0            | 0.7242    | 0.7219    | 
814     | 0.0            | 0.7241    | 0.7219    | 
815     | 0.0            | 0.7241    | 0.7219    | 
816     | 0.0            | 0.7241    | 0.722     | 
817     | 0.0            | 0.7241    | 0.722     | 
818     | 0.0            | 0.7241    | 0.7219    | 
819     | 0.0            | 0.7241    | 0.7219    | 
820     | 0.0            | 0.7241    | 0.7219    | 
821     | 0.0            | 0.7241    | 0.7219    | 
822     | 0.0            | 0.7241    | 0.7219    | 
823     | 0.0            | 0.7241    | 0.7219    | 
824     | 0.0            | 0.7241    | 0.722     | 
825     | 0.0            | 0.7241    | 0.722     | 
826     | 0.0            | 0.7241    | 0.722     | 
827     | 0.0            | 0.7241    | 0.7221    | 
828     | 0.0            | 0.7241    | 0.7221    | 
829     | 0.0            | 0.7241    | 0.7221    | 
830     | 0.0            | 0.7241    | 0.7221    | 
831     | 0.0            | 0.7241    | 0.7221    | 
832     | 0.0            | 0.7242    | 0.722     | 
833     | 0.0            | 0.7242    | 0.722     | 
834     | 0.0            | 0.7242    | 0.722     | 
835     | 0.0            | 0.7242    | 0.722     | 
836     | 0.0            | 0.7242    | 0.722     | 
837     | 0.0            | 0.7242    | 0.722     | 
838     | 0.0            | 0.7241    | 0.722     | 
839     | 0.0            | 0.7242    | 0.722     | 
840     | 0.0            | 0.7242    | 0.722     | 
841     | 0.0            | 0.7241    | 0.722     | 
842     | 0.0            | 0.7241    | 0.722     | 
843     | 0.0            | 0.7242    | 0.722     | 
844     | 0.0            | 0.7241    | 0.722     | 
845     | 0.0            | 0.7241    | 0.722     | 
846     | 0.0            | 0.7241    | 0.722     | 
847     | 0.0            | 0.7241    | 0.722     | 
848     | 0.0            | 0.7241    | 0.7219    | 
849     | 0.0            | 0.7241    | 0.7219    | 
850     | 0.0            | 0.7241    | 0.7219    | 
851     | 0.0            | 0.7241    | 0.7219    | 
852     | 0.0            | 0.7241    | 0.7219    | 
853     | 0.0            | 0.7241    | 0.7219    | 
854     | 0.0            | 0.7241    | 0.7219    | 
855     | 0.0            | 0.7241    | 0.7219    | 
856     | 0.0            | 0.7241    | 0.7219    | 
857     | 0.0            | 0.7241    | 0.7219    | 
858     | 0.0            | 0.7241    | 0.7221    | 
859     | 0.0            | 0.7241    | 0.7221    | 
860     | 0.0            | 0.7241    | 0.7221    | 
861     | 0.0            | 0.7241    | 0.7221    | 
862     | 0.0            | 0.7241    | 0.7221    | 
863     | 0.0            | 0.7241    | 0.7221    | 
864     | 0.0            | 0.7241    | 0.7221    | 
865     | 0.0            | 0.7242    | 0.7221    | 
866     | 0.0            | 0.7242    | 0.7221    | 
867     | 0.0            | 0.7242    | 0.7221    | 
868     | 0.0            | 0.7242    | 0.7221    | 
869     | 0.0            | 0.7242    | 0.7221    | 
870     | 0.0            | 0.7241    | 0.7221    | 
871     | 0.0            | 0.7242    | 0.7221    | 
872     | 0.0            | 0.7242    | 0.7221    | 
873     | 0.0            | 0.7242    | 0.7222    | 
874     | 0.0            | 0.7242    | 0.7222    | 
875     | 0.0            | 0.7241    | 0.7222    | 
876     | 0.0            | 0.7241    | 0.7222    | 
877     | 0.0            | 0.7241    | 0.7222    | 
878     | 0.0            | 0.7241    | 0.7222    | 
879     | 0.0            | 0.7241    | 0.7222    | 
880     | 0.0            | 0.7241    | 0.7222    | 
881     | 0.0            | 0.7241    | 0.7222    | 
882     | 0.0            | 0.7241    | 0.7222    | 
883     | 0.0            | 0.7241    | 0.7222    | 
884     | 0.0            | 0.7242    | 0.7222    | 
885     | 0.0            | 0.7242    | 0.7222    | 
886     | 0.0            | 0.7242    | 0.7222    | 
887     | 0.0            | 0.7241    | 0.7222    | 
888     | 0.0            | 0.7241    | 0.7222    | 
889     | 0.0            | 0.7241    | 0.7222    | 
890     | 0.0            | 0.7241    | 0.7222    | 
891     | 0.0            | 0.7241    | 0.7223    | 
892     | 0.0            | 0.7241    | 0.7223    | 
893     | 0.0            | 0.7241    | 0.7223    | 
894     | 0.0            | 0.7241    | 0.7223    | 
895     | 0.0            | 0.7241    | 0.7222    | 
896     | 0.0            | 0.7241    | 0.7222    | 
897     | 0.0            | 0.7241    | 0.7222    | 
898     | 0.0            | 0.7241    | 0.7222    | 
899     | 0.0            | 0.7241    | 0.7222    | 
900     | 0.0            | 0.7241    | 0.7222    | 
901     | 0.0            | 0.724     | 0.7222    | 
902     | 0.0            | 0.724     | 0.7222    | 
903     | 0.0            | 0.724     | 0.7222    | 
904     | 0.0            | 0.724     | 0.7222    | 
905     | 0.0            | 0.724     | 0.7222    | 
906     | 0.0            | 0.724     | 0.7222    | 
907     | 0.0            | 0.724     | 0.7223    | 
908     | 0.0            | 0.724     | 0.7223    | 
909     | 0.0            | 0.724     | 0.7223    | 
910     | 0.0            | 0.724     | 0.7223    | 
911     | 0.0            | 0.724     | 0.7223    | 
912     | 0.0            | 0.724     | 0.7223    | 
913     | 0.0            | 0.724     | 0.7223    | 
914     | 0.0            | 0.724     | 0.7223    | 
915     | 0.0            | 0.724     | 0.7223    | 
916     | 0.0            | 0.724     | 0.7224    | 
917     | 0.0            | 0.724     | 0.7224    | 
918     | 0.0            | 0.724     | 0.7224    | 
919     | 0.0            | 0.724     | 0.7224    | 
920     | 0.0            | 0.724     | 0.7224    | 
921     | 0.0            | 0.724     | 0.7224    | 
922     | 0.0            | 0.724     | 0.7224    | 
923     | 0.0            | 0.724     | 0.7224    | 
924     | 0.0            | 0.724     | 0.7225    | 
925     | 0.0            | 0.724     | 0.7225    | 
926     | 0.0            | 0.7239    | 0.7225    | 
927     | 0.0            | 0.7239    | 0.7224    | 
928     | 0.0            | 0.724     | 0.7224    | 
929     | 0.0            | 0.724     | 0.7224    | 
930     | 0.0            | 0.724     | 0.7224    | 
931     | 0.0            | 0.7239    | 0.7224    | 
932     | 0.0            | 0.724     | 0.7224    | 
933     | 0.0            | 0.724     | 0.7224    | 
934     | 0.0            | 0.724     | 0.7224    | 
935     | 0.0            | 0.724     | 0.7225    | 
936     | 0.0            | 0.724     | 0.7225    | 
937     | 0.0            | 0.7239    | 0.7225    | 
938     | 0.0            | 0.7239    | 0.7225    | 
939     | 0.0            | 0.7239    | 0.7225    | 
940     | 0.0            | 0.724     | 0.7225    | 
941     | 0.0            | 0.724     | 0.7225    | 
942     | 0.0            | 0.724     | 0.7225    | 
943     | 0.0            | 0.724     | 0.7225    | 
944     | 0.0            | 0.724     | 0.7226    | 
945     | 0.0            | 0.724     | 0.7226    | 
946     | 0.0            | 0.724     | 0.7226    | 
947     | 0.0            | 0.724     | 0.7226    | 
948     | 0.0            | 0.7241    | 0.7226    | 
949     | 0.0            | 0.7241    | 0.7226    | 
950     | 0.0            | 0.7241    | 0.7226    | 
951     | 0.0            | 0.7241    | 0.7226    | 
952     | 0.0            | 0.724     | 0.7226    | 
953     | 0.0            | 0.724     | 0.7226    | 
954     | 0.0            | 0.7241    | 0.7226    | 
955     | 0.0            | 0.7241    | 0.7226    | 
956     | 0.0            | 0.7241    | 0.7226    | 
957     | 0.0            | 0.7241    | 0.7226    | 
958     | 0.0            | 0.7241    | 0.7226    | 
959     | 0.0            | 0.7241    | 0.7226    | 
960     | 0.0            | 0.7241    | 0.7226    | 
961     | 0.0            | 0.7241    | 0.7226    | 
962     | 0.0            | 0.7241    | 0.7226    | 
963     | 0.0            | 0.7242    | 0.7226    | 
964     | 0.0            | 0.7242    | 0.7225    | 
965     | 0.0            | 0.7242    | 0.7226    | 
966     | 0.0            | 0.7242    | 0.7226    | 
967     | 0.0            | 0.7242    | 0.7226    | 
968     | 0.0            | 0.7242    | 0.7226    | 
969     | 0.0            | 0.7242    | 0.7226    | 
970     | 0.0            | 0.7241    | 0.7225    | 
971     | 0.0            | 0.7241    | 0.7226    | 
972     | 0.0            | 0.7241    | 0.7226    | 
973     | 0.0            | 0.7241    | 0.7226    | 
974     | 0.0            | 0.7241    | 0.7226    | 
975     | 0.0            | 0.7241    | 0.7226    | 
976     | 0.0            | 0.7241    | 0.7226    | 
977     | 0.0            | 0.7241    | 0.7225    | 
978     | 0.0            | 0.7241    | 0.7225    | 
979     | 0.0            | 0.7241    | 0.7225    | 
980     | 0.0            | 0.724     | 0.7226    | 
981     | 0.0            | 0.724     | 0.7226    | 
982     | 0.0            | 0.724     | 0.7226    | 
983     | 0.0            | 0.724     | 0.7225    | 
984     | 0.0            | 0.7241    | 0.7226    | 
985     | 0.0            | 0.7241    | 0.7226    | 
986     | 0.0            | 0.7241    | 0.7226    | 
987     | 0.0            | 0.7241    | 0.7226    | 
988     | 0.0            | 0.7241    | 0.7226    | 
989     | 0.0            | 0.7241    | 0.7226    | 
990     | 0.0            | 0.7241    | 0.7225    | 
991     | 0.0            | 0.7241    | 0.7225    | 
992     | 0.0            | 0.7241    | 0.7228    | 
993     | 0.0            | 0.7241    | 0.7228    | 
994     | 0.0            | 0.7241    | 0.7228    | 
995     | 0.0            | 0.7241    | 0.7228    | 
996     | 0.0            | 0.7241    | 0.7228    | 
997     | 0.0            | 0.7241    | 0.7228    | 
998     | 0.0            | 0.7241    | 0.7228    | 
999     | 0.0            | 0.7241    | 0.7227    | 
1000    | 0.0            | 0.7241    | 0.7227    | 
1001    | 0.0            | 0.7241    | 0.7227    | 
1002    | 0.0            | 0.7241    | 0.7227    | 
1003    | 0.0            | 0.7241    | 0.7227    | 
1004    | 0.0            | 0.7241    | 0.7227    | 
1005    | 0.0            | 0.7241    | 0.7227    | 
1006    | 0.0            | 0.7241    | 0.7227    | 
1007    | 0.0            | 0.7241    | 0.7228    | 
1008    | 0.0            | 0.7241    | 0.7228    | 
1009    | 0.0            | 0.7241    | 0.7228    | 
1010    | 0.0            | 0.7241    | 0.7228    | 
1011    | 0.0            | 0.7241    | 0.7228    | 
1012    | 0.0            | 0.7241    | 0.7228    | 
1013    | 0.0            | 0.7241    | 0.7228    | 
1014    | 0.0            | 0.7241    | 0.7228    | 
1015    | 0.0            | 0.7241    | 0.7228    | 
1016    | 0.0            | 0.7241    | 0.7228    | 
1017    | 0.0            | 0.7241    | 0.7228    | 
1018    | 0.0            | 0.724     | 0.7228    | 
1019    | 0.0            | 0.724     | 0.7228    | 
1020    | 0.0            | 0.724     | 0.7228    | 
1021    | 0.0            | 0.724     | 0.7228    | 
1022    | 0.0            | 0.724     | 0.7228    | 
1023    | 0.0            | 0.724     | 0.7228    | 
1024    | 0.0            | 0.724     | 0.7228    | 
1025    | 0.0            | 0.724     | 0.7228    | 
1026    | 0.0            | 0.724     | 0.7228    | 
1027    | 0.0            | 0.724     | 0.7228    | 
1028    | 0.0            | 0.724     | 0.7228    | 
1029    | 0.0            | 0.724     | 0.7228    | 
1030    | 0.0            | 0.724     | 0.7228    | 
1031    | 0.0            | 0.724     | 0.7229    | 
1032    | 0.0            | 0.724     | 0.7229    | 
1033    | 0.0            | 0.724     | 0.7229    | 
1034    | 0.0            | 0.724     | 0.723     | 
1035    | 0.0            | 0.724     | 0.7229    | 
1036    | 0.0            | 0.724     | 0.7229    | 
1037    | 0.0            | 0.724     | 0.7229    | 
1038    | 0.0            | 0.724     | 0.723     | 
1039    | 0.0            | 0.724     | 0.723     | 
1040    | 0.0            | 0.724     | 0.723     | 
1041    | 0.0            | 0.724     | 0.723     | 
1042    | 0.0            | 0.724     | 0.723     | 
1043    | 0.0            | 0.724     | 0.723     | 
1044    | 0.0            | 0.724     | 0.723     | 
1045    | 0.0            | 0.724     | 0.723     | 
1046    | 0.0            | 0.724     | 0.7229    | 
1047    | 0.0            | 0.724     | 0.7229    | 
1048    | 0.0            | 0.724     | 0.7229    | 
1049    | 0.0            | 0.724     | 0.7229    | 
1050    | 0.0            | 0.724     | 0.7229    | 
1051    | 0.0            | 0.724     | 0.7229    | 
1052    | 0.0            | 0.7241    | 0.7229    | 
1053    | 0.0            | 0.7241    | 0.7229    | 
1054    | 0.0            | 0.7241    | 0.7229    | 
1055    | 0.0            | 0.7241    | 0.7229    | 
1056    | 0.0            | 0.7241    | 0.7229    | 
1057    | 0.0            | 0.7241    | 0.7229    | 
1058    | 0.0            | 0.7241    | 0.7229    | 
1059    | 0.0            | 0.7241    | 0.7229    | 
1060    | 0.0            | 0.7241    | 0.7229    | 
1061    | 0.0            | 0.7242    | 0.7229    | 
1062    | 0.0            | 0.7241    | 0.7229    | 
1063    | 0.0            | 0.7242    | 0.7229    | 
1064    | 0.0            | 0.7242    | 0.7229    | 
1065    | 0.0            | 0.7242    | 0.7229    | 
1066    | 0.0            | 0.7242    | 0.723     | 
1067    | 0.0            | 0.7242    | 0.7229    | 
1068    | 0.0            | 0.7242    | 0.7229    | 
1069    | 0.0            | 0.7242    | 0.7229    | 
1070    | 0.0            | 0.7242    | 0.7229    | 
1071    | 0.0            | 0.7242    | 0.723     | 
1072    | 0.0            | 0.7243    | 0.723     | 
1073    | 0.0            | 0.7243    | 0.7229    | 
1074    | 0.0            | 0.7243    | 0.7229    | 
1075    | 0.0            | 0.7243    | 0.7228    | 
1076    | 0.0            | 0.7242    | 0.7228    | 
1077    | 0.0            | 0.7242    | 0.7228    | 
1078    | 0.0            | 0.7242    | 0.7228    | 
1079    | 0.0            | 0.7242    | 0.7228    | 
1080    | 0.0            | 0.7242    | 0.7228    | 
1081    | 0.0            | 0.7242    | 0.7227    | 
1082    | 0.0            | 0.7242    | 0.7227    | 
1083    | 0.0            | 0.7242    | 0.7227    | 
1084    | 0.0            | 0.7242    | 0.7227    | 
1085    | 0.0            | 0.7242    | 0.7227    | 
1086    | 0.0            | 0.7242    | 0.7227    | 
1087    | 0.0            | 0.7242    | 0.7227    | 
1088    | 0.0            | 0.7242    | 0.7227    | 
1089    | 0.0            | 0.7242    | 0.7227    | 
1090    | 0.0            | 0.7242    | 0.7226    | 
1091    | 0.0            | 0.7242    | 0.7227    | 
1092    | 0.0            | 0.7242    | 0.7227    | 
1093    | 0.0            | 0.7242    | 0.7227    | 
1094    | 0.0            | 0.7243    | 0.7227    | 
1095    | 0.0            | 0.7243    | 0.7227    | 
1096    | 0.0            | 0.7243    | 0.7227    | 
1097    | 0.0            | 0.7243    | 0.7227    | 
1098    | 0.0            | 0.7243    | 0.7227    | 
1099    | 0.0            | 0.7243    | 0.7227    | 
1100    | 0.0            | 0.7243    | 0.7226    | 
1101    | 0.0            | 0.7243    | 0.7226    | 
1102    | 0.0            | 0.7243    | 0.7229    | 
1103    | 0.0            | 0.7243    | 0.7229    | 
1104    | 0.0            | 0.7243    | 0.7229    | 
1105    | 0.0            | 0.7243    | 0.7229    | 
1106    | 0.0            | 0.7243    | 0.7229    | 
1107    | 0.0            | 0.7243    | 0.7229    | 
1108    | 0.0            | 0.7243    | 0.7229    | 
1109    | 0.0            | 0.7243    | 0.7229    | 
1110    | 0.0            | 0.7243    | 0.7229    | 
1111    | 0.0            | 0.7243    | 0.7229    | 
1112    | 0.0            | 0.7243    | 0.7229    | 
1113    | 0.0            | 0.7243    | 0.7229    | 
1114    | 0.0            | 0.7243    | 0.7229    | 
1115    | 0.0            | 0.7243    | 0.7229    | 
1116    | 0.0            | 0.7243    | 0.7229    | 
1117    | 0.0            | 0.7243    | 0.7229    | 
1118    | 0.0            | 0.7243    | 0.7229    | 
1119    | 0.0            | 0.7243    | 0.7229    | 
1120    | 0.0            | 0.7243    | 0.7229    | 
1121    | 0.0            | 0.7243    | 0.7229    | 
1122    | 0.0            | 0.7243    | 0.7229    | 
1123    | 0.0            | 0.7243    | 0.7229    | 
1124    | 0.0            | 0.7243    | 0.7229    | 
1125    | 0.0            | 0.7243    | 0.7229    | 
1126    | 0.0            | 0.7243    | 0.7229    | 
1127    | 0.0            | 0.7243    | 0.7229    | 
1128    | 0.0            | 0.7243    | 0.7229    | 
1129    | 0.0            | 0.7243    | 0.7229    | 
1130    | 0.0            | 0.7243    | 0.7229    | 
1131    | 0.0            | 0.7243    | 0.7228    | 
1132    | 0.0            | 0.7243    | 0.7228    | 
1133    | 0.0            | 0.7243    | 0.7228    | 
1134    | 0.0            | 0.7243    | 0.7229    | 
1135    | 0.0            | 0.7243    | 0.7229    | 
1136    | 0.0            | 0.7243    | 0.7228    | 
1137    | 0.0            | 0.7243    | 0.7228    | 
1138    | 0.0            | 0.7243    | 0.7228    | 
1139    | 0.0            | 0.7243    | 0.7228    | 
1140    | 0.0            | 0.7243    | 0.7228    | 
1141    | 0.0            | 0.7243    | 0.7229    | 
1142    | 0.0            | 0.7243    | 0.7229    | 
1143    | 0.0            | 0.7242    | 0.7229    | 
1144    | 0.0            | 0.7242    | 0.7229    | 
1145    | 0.0            | 0.7242    | 0.7229    | 
1146    | 0.0            | 0.7242    | 0.7229    | 
1147    | 0.0            | 0.7242    | 0.7229    | 
1148    | 0.0            | 0.7242    | 0.7229    | 
1149    | 0.0            | 0.7243    | 0.7229    | 
1150    | 0.0            | 0.7243    | 0.7229    | 
1151    | 0.0            | 0.7243    | 0.7229    | 
1152    | 0.0            | 0.7243    | 0.7229    | 
1153    | 0.0            | 0.7243    | 0.7229    | 
1154    | 0.0            | 0.7243    | 0.7229    | 
1155    | 0.0            | 0.7243    | 0.7229    | 
1156    | 0.0            | 0.7243    | 0.7229    | 
1157    | 0.0            | 0.7243    | 0.7229    | 
1158    | 0.0            | 0.7243    | 0.7231    | 
1159    | 0.0            | 0.7242    | 0.7231    | 
1160    | 0.0            | 0.7243    | 0.7231    | 
1161    | 0.0            | 0.7242    | 0.7231    | 
1162    | 0.0            | 0.7242    | 0.7231    | 
1163    | 0.0            | 0.7242    | 0.7231    | 
1164    | 0.0            | 0.7243    | 0.7231    | 
1165    | 0.0            | 0.7243    | 0.7231    | 
1166    | 0.0            | 0.7243    | 0.7231    | 
1167    | 0.0            | 0.7243    | 0.7231    | 
1168    | 0.0            | 0.7243    | 0.7231    | 
1169    | 0.0            | 0.7242    | 0.7231    | 
1170    | 0.0            | 0.7242    | 0.7231    | 
1171    | 0.0            | 0.7242    | 0.7231    | 
1172    | 0.0            | 0.7242    | 0.7231    | 
1173    | 0.0            | 0.7242    | 0.7231    | 
1174    | 0.0            | 0.7242    | 0.7231    | 
1175    | 0.0            | 0.7243    | 0.7231    | 
1176    | 0.0            | 0.7243    | 0.7231    | 
1177    | 0.0            | 0.7243    | 0.7231    | 
1178    | 0.0            | 0.7243    | 0.7231    | 
1179    | 0.0            | 0.7243    | 0.723     | 
1180    | 0.0            | 0.7243    | 0.723     | 
1181    | 0.0            | 0.7243    | 0.723     | 
1182    | 0.0            | 0.7243    | 0.723     | 
1183    | 0.0            | 0.7243    | 0.723     | 
1184    | 0.0            | 0.7243    | 0.723     | 
1185    | 0.0            | 0.7243    | 0.723     | 
1186    | 0.0            | 0.7243    | 0.723     | 
1187    | 0.0            | 0.7243    | 0.723     | 
1188    | 0.0            | 0.7243    | 0.723     | 
1189    | 0.0            | 0.7243    | 0.7231    | 
1190    | 0.0            | 0.7243    | 0.7231    | 
1191    | 0.0            | 0.7243    | 0.7231    | 
1192    | 0.0            | 0.7243    | 0.7232    | 
1193    | 0.0            | 0.7243    | 0.7232    | 
1194    | 0.0            | 0.7243    | 0.7232    | 
1195    | 0.0            | 0.7243    | 0.7232    | 
1196    | 0.0            | 0.7243    | 0.7232    | 
1197    | 0.0            | 0.7242    | 0.7232    | 
1198    | 0.0            | 0.7242    | 0.7232    | 
1199    | 0.0            | 0.7242    | 0.7232    | 
1200    | 0.0            | 0.7242    | 0.7232    | 
1201    | 0.0            | 0.7242    | 0.7232    | 
1202    | 0.0            | 0.7242    | 0.7231    | 
1203    | 0.0            | 0.7242    | 0.7231    | 
1204    | 0.0            | 0.7242    | 0.7232    | 
1205    | 0.0            | 0.7242    | 0.7232    | 
1206    | 0.0            | 0.7242    | 0.7232    | 
1207    | 0.0            | 0.7242    | 0.7232    | 
1208    | 0.0            | 0.7242    | 0.7232    | 
1209    | 0.0            | 0.7242    | 0.7232    | 
1210    | 0.0            | 0.7242    | 0.7232    | 
1211    | 0.0            | 0.7242    | 0.7232    | 
1212    | 0.0            | 0.7242    | 0.7232    | 
1213    | 0.0            | 0.7242    | 0.7232    | 
1214    | 0.0            | 0.7242    | 0.7232    | 
1215    | 0.0            | 0.7242    | 0.7232    | 
1216    | 0.0            | 0.7242    | 0.7232    | 
1217    | 0.0            | 0.7242    | 0.7232    | 
1218    | 0.0            | 0.7242    | 0.7232    | 
1219    | 0.0            | 0.7242    | 0.7232    | 
1220    | 0.0            | 0.7242    | 0.7232    | 
1221    | 0.0            | 0.7242    | 0.7232    | 
1222    | 0.0            | 0.7242    | 0.7232    | 
1223    | 0.0            | 0.7242    | 0.7232    | 
1224    | 0.0            | 0.7242    | 0.7232    | 
1225    | 0.0            | 0.7242    | 0.7232    | 
1226    | 0.0            | 0.7242    | 0.7232    | 
1227    | 0.0            | 0.7242    | 0.7232    | 
1228    | 0.0            | 0.7242    | 0.7232    | 
1229    | 0.0            | 0.7242    | 0.7232    | 
1230    | 0.0            | 0.7242    | 0.7232    | 
1231    | 0.0            | 0.7242    | 0.7232    | 
1232    | 0.0            | 0.7242    | 0.7232    | 
1233    | 0.0            | 0.7242    | 0.723     | 
1234    | 0.0            | 0.7242    | 0.723     | 
1235    | 0.0            | 0.7242    | 0.723     | 
1236    | 0.0            | 0.7242    | 0.723     | 
1237    | 0.0            | 0.7242    | 0.723     | 
1238    | 0.0            | 0.7241    | 0.723     | 
1239    | 0.0            | 0.7241    | 0.723     | 
1240    | 0.0            | 0.7241    | 0.723     | 
1241    | 0.0            | 0.7241    | 0.723     | 
1242    | 0.0            | 0.7241    | 0.723     | 
1243    | 0.0            | 0.7241    | 0.723     | 
1244    | 0.0            | 0.7241    | 0.723     | 
1245    | 0.0            | 0.7241    | 0.723     | 
1246    | 0.0            | 0.7241    | 0.723     | 
1247    | 0.0            | 0.7241    | 0.723     | 
1248    | 0.0            | 0.7242    | 0.723     | 
1249    | 0.0            | 0.7242    | 0.723     | 
1250    | 0.0            | 0.7242    | 0.723     | 
1251    | 0.0            | 0.7242    | 0.723     | 
1252    | 0.0            | 0.7242    | 0.7229    | 
1253    | 0.0            | 0.7242    | 0.7229    | 
1254    | 0.0            | 0.7242    | 0.7229    | 
1255    | 0.0            | 0.7241    | 0.7229    | 
1256    | 0.0            | 0.7241    | 0.7229    | 
1257    | 0.0            | 0.7241    | 0.7229    | 
1258    | 0.0            | 0.7241    | 0.7229    | 
1259    | 0.0            | 0.7241    | 0.7229    | 
1260    | 0.0            | 0.7241    | 0.7229    | 
1261    | 0.0            | 0.7241    | 0.7229    | 
1262    | 0.0            | 0.7241    | 0.7229    | 
1263    | 0.0            | 0.7241    | 0.7229    | 
1264    | 0.0            | 0.7241    | 0.7229    | 
1265    | 0.0            | 0.7241    | 0.7229    | 
1266    | 0.0            | 0.7241    | 0.7229    | 
1267    | 0.0            | 0.7241    | 0.7229    | 
1268    | 0.0            | 0.7241    | 0.7229    | 
1269    | 0.0            | 0.7241    | 0.7229    | 
1270    | 0.0            | 0.7241    | 0.7229    | 
1271    | 0.0            | 0.7241    | 0.7229    | 
1272    | 0.0            | 0.7241    | 0.7229    | 
1273    | 0.0            | 0.7241    | 0.7229    | 
1274    | 0.0            | 0.7241    | 0.7229    | 
1275    | 0.0            | 0.7241    | 0.7228    | 
1276    | 0.0            | 0.7241    | 0.7228    | 
1277    | 0.0            | 0.7241    | 0.7228    | 
1278    | 0.0            | 0.7241    | 0.7228    | 
1279    | 0.0            | 0.7241    | 0.7228    | 
1280    | 0.0            | 0.7241    | 0.7228    | 
1281    | 0.0            | 0.7241    | 0.7228    | 
1282    | 0.0            | 0.7241    | 0.7228    | 
1283    | 0.0            | 0.7241    | 0.7228    | 
1284    | 0.0            | 0.7241    | 0.7228    | 
1285    | 0.0            | 0.7241    | 0.7228    | 
1286    | 0.0            | 0.7241    | 0.7228    | 
1287    | 0.0            | 0.7242    | 0.7228    | 
1288    | 0.0            | 0.7242    | 0.7228    | 
1289    | 0.0            | 0.7242    | 0.7228    | 
1290    | 0.0            | 0.7242    | 0.7228    | 
1291    | 0.0            | 0.7242    | 0.7228    | 
1292    | 0.0            | 0.7242    | 0.7228    | 
1293    | 0.0            | 0.7241    | 0.7228    | 
1294    | 0.0            | 0.7241    | 0.7228    | 
1295    | 0.0            | 0.7241    | 0.7228    | 
1296    | 0.0            | 0.7242    | 0.7228    | 
1297    | 0.0            | 0.7242    | 0.7228    | 
1298    | 0.0            | 0.7242    | 0.7229    | 
1299    | 0.0            | 0.7242    | 0.7228    | 
1300    | 0.0            | 0.7242    | 0.7229    | 
1301    | 0.0            | 0.7242    | 0.7229    | 
1302    | 0.0            | 0.7242    | 0.7229    | 
1303    | 0.0            | 0.7242    | 0.7228    | 
1304    | 0.0            | 0.7242    | 0.7229    | 
1305    | 0.0            | 0.7242    | 0.7229    | 
1306    | 0.0            | 0.7242    | 0.723     | 
1307    | 0.0            | 0.7242    | 0.723     | 
1308    | 0.0            | 0.7242    | 0.723     | 
1309    | 0.0            | 0.7242    | 0.723     | 
1310    | 0.0            | 0.7242    | 0.723     | 
1311    | 0.0            | 0.7242    | 0.723     | 
1312    | 0.0            | 0.7242    | 0.723     | 
1313    | 0.0            | 0.7242    | 0.723     | 
1314    | 0.0            | 0.7242    | 0.723     | 
1315    | 0.0            | 0.7242    | 0.723     | 
1316    | 0.0            | 0.7242    | 0.723     | 
1317    | 0.0            | 0.7242    | 0.7228    | 
1318    | 0.0            | 0.7242    | 0.7228    | 
1319    | 0.0            | 0.7242    | 0.7228    | 
1320    | 0.0            | 0.7242    | 0.7228    | 
1321    | 0.0            | 0.7242    | 0.7228    | 
1322    | 0.0            | 0.7242    | 0.7228    | 
1323    | 0.0            | 0.7242    | 0.7228    | 
1324    | 0.0            | 0.7242    | 0.7228    | 
1325    | 0.0            | 0.7242    | 0.7229    | 
1326    | 0.0            | 0.7242    | 0.7229    | 
1327    | 0.0            | 0.7242    | 0.7229    | 
1328    | 0.0            | 0.7242    | 0.7229    | 
1329    | 0.0            | 0.7242    | 0.7229    | 
1330    | 0.0            | 0.7242    | 0.7229    | 
1331    | 0.0            | 0.7242    | 0.7229    | 
1332    | 0.0            | 0.7242    | 0.7229    | 
1333    | 0.0            | 0.7242    | 0.7229    | 
1334    | 0.0            | 0.7242    | 0.7229    | 
1335    | 0.0            | 0.7242    | 0.7229    | 
1336    | 0.0            | 0.7242    | 0.7229    | 
1337    | 0.0            | 0.7242    | 0.7229    | 
1338    | 0.0            | 0.7242    | 0.7229    | 
1339    | 0.0            | 0.7242    | 0.7229    | 
1340    | 0.0            | 0.7242    | 0.7229    | 
1341    | 0.0            | 0.7242    | 0.7229    | 
1342    | 0.0            | 0.7242    | 0.7229    | 
1343    | 0.0            | 0.7242    | 0.7229    | 
1344    | 0.0            | 0.7242    | 0.7229    | 
1345    | 0.0            | 0.7242    | 0.7229    | 
1346    | 0.0            | 0.7241    | 0.7229    | 
1347    | 0.0            | 0.7241    | 0.7229    | 
1348    | 0.0            | 0.7241    | 0.7229    | 
1349    | 0.0            | 0.7241    | 0.7229    | 
1350    | 0.0            | 0.7242    | 0.7229    | 
1351    | 0.0            | 0.7242    | 0.7229    | 
1352    | 0.0            | 0.7242    | 0.7229    | 
1353    | 0.0            | 0.7242    | 0.7229    | 
1354    | 0.0            | 0.7242    | 0.7229    | 
1355    | 0.0            | 0.7242    | 0.7229    | 
1356    | 0.0            | 0.7242    | 0.7229    | 
1357    | 0.0            | 0.7242    | 0.7229    | 
1358    | 0.0            | 0.7242    | 0.7229    | 
1359    | 0.0            | 0.7241    | 0.7229    | 
1360    | 0.0            | 0.7241    | 0.7229    | 
1361    | 0.0            | 0.7241    | 0.7229    | 
1362    | 0.0            | 0.7241    | 0.7229    | 
1363    | 0.0            | 0.7241    | 0.7229    | 
1364    | 0.0            | 0.7241    | 0.7229    | 
1365    | 0.0            | 0.7241    | 0.7229    | 
1366    | 0.0            | 0.724     | 0.7229    | 
1367    | 0.0            | 0.724     | 0.7229    | 
1368    | 0.0            | 0.724     | 0.7229    | 
1369    | 0.0            | 0.724     | 0.7227    | 
1370    | 0.0            | 0.724     | 0.7227    | 
1371    | 0.0            | 0.724     | 0.7227    | 
1372    | 0.0            | 0.724     | 0.7227    | 
1373    | 0.0            | 0.724     | 0.7227    | 
1374    | 0.0            | 0.724     | 0.7227    | 
1375    | 0.0            | 0.724     | 0.7227    | 
1376    | 0.0            | 0.724     | 0.7227    | 
1377    | 0.0            | 0.724     | 0.7227    | 
1378    | 0.0            | 0.724     | 0.7227    | 
1379    | 0.0            | 0.724     | 0.7227    | 
1380    | 0.0            | 0.724     | 0.7227    | 
1381    | 0.0            | 0.724     | 0.7227    | 
1382    | 0.0            | 0.724     | 0.7227    | 
1383    | 0.0            | 0.724     | 0.7227    | 
1384    | 0.0            | 0.7239    | 0.7226    | 
1385    | 0.0            | 0.7239    | 0.7226    | 
1386    | 0.0            | 0.7239    | 0.7226    | 
1387    | 0.0            | 0.7239    | 0.7226    | 
1388    | 0.0            | 0.7239    | 0.7226    | 
1389    | 0.0            | 0.7239    | 0.7227    | 
1390    | 0.0            | 0.7239    | 0.7227    | 
1391    | 0.0            | 0.7239    | 0.7227    | 
1392    | 0.0            | 0.7239    | 0.7226    | 
1393    | 0.0            | 0.7239    | 0.7227    | 
1394    | 0.0            | 0.7239    | 0.7227    | 
1395    | 0.0            | 0.7239    | 0.7226    | 
1396    | 0.0            | 0.7239    | 0.7226    | 
1397    | 0.0            | 0.7239    | 0.7226    | 
1398    | 0.0            | 0.7239    | 0.7226    | 
1399    | 0.0            | 0.7239    | 0.7226    | 
1400    | 0.0            | 0.7239    | 0.7226    | 
1401    | 0.0            | 0.7239    | 0.7226    | 
1402    | 0.0            | 0.7239    | 0.7226    | 
1403    | 0.0            | 0.7239    | 0.7226    | 
1404    | 0.0            | 0.7239    | 0.7226    | 
1405    | 0.0            | 0.7239    | 0.7226    | 
1406    | 0.0            | 0.7239    | 0.7226    | 
1407    | 0.0            | 0.7239    | 0.7226    | 
1408    | 0.0            | 0.7239    | 0.7226    | 
1409    | 0.0            | 0.7239    | 0.7226    | 
1410    | 0.0            | 0.7239    | 0.7226    | 
1411    | 0.0            | 0.7239    | 0.7226    | 
1412    | 0.0            | 0.7239    | 0.7226    | 
1413    | 0.0            | 0.7239    | 0.7226    | 
1414    | 0.0            | 0.7239    | 0.7226    | 
1415    | 0.0            | 0.7239    | 0.7225    | 
1416    | 0.0            | 0.7239    | 0.7225    | 
1417    | 0.0            | 0.7239    | 0.7225    | 
1418    | 0.0            | 0.7239    | 0.7225    | 
1419    | 0.0            | 0.7239    | 0.7226    | 
1420    | 0.0            | 0.7239    | 0.7226    | 
1421    | 0.0            | 0.7239    | 0.7226    | 
1422    | 0.0            | 0.7239    | 0.7226    | 
1423    | 0.0            | 0.7239    | 0.7226    | 
1424    | 0.0            | 0.7239    | 0.7225    | 
1425    | 0.0            | 0.7239    | 0.7225    | 
1426    | 0.0            | 0.7239    | 0.7225    | 
1427    | 0.0            | 0.7239    | 0.7225    | 
1428    | 0.0            | 0.7239    | 0.7225    | 
1429    | 0.0            | 0.7239    | 0.7225    | 
1430    | 0.0            | 0.7239    | 0.7225    | 
1431    | 0.0            | 0.7239    | 0.7225    | 
1432    | 0.0            | 0.7239    | 0.7225    | 
1433    | 0.0            | 0.7239    | 0.7225    | 
1434    | 0.0            | 0.7239    | 0.7225    | 
1435    | 0.0            | 0.7239    | 0.7225    | 
1436    | 0.0            | 0.7239    | 0.7225    | 
1437    | 0.0            | 0.7239    | 0.7225    | 
1438    | 0.0            | 0.7239    | 0.7225    | 
1439    | 0.0            | 0.7239    | 0.7225    | 
1440    | 0.0            | 0.7239    | 0.7225    | 
1441    | 0.0            | 0.7239    | 0.7225    | 
1442    | 0.0            | 0.7239    | 0.7225    | 
1443    | 0.0            | 0.7239    | 0.7225    | 
1444    | 0.0            | 0.7239    | 0.7225    | 
1445    | 0.0            | 0.7239    | 0.7225    | 
1446    | 0.0            | 0.7239    | 0.7225    | 
1447    | 0.0            | 0.7239    | 0.7225    | 
1448    | 0.0            | 0.7239    | 0.7225    | 
1449    | 0.0            | 0.7239    | 0.7225    | 
1450    | 0.0            | 0.7239    | 0.7225    | 
1451    | 0.0            | 0.7239    | 0.7225    | 
1452    | 0.0            | 0.7239    | 0.7225    | 
1453    | 0.0            | 0.7238    | 0.7225    | 
1454    | 0.0            | 0.7238    | 0.7225    | 
1455    | 0.0            | 0.7238    | 0.7225    | 
1456    | 0.0            | 0.7238    | 0.7225    | 
1457    | 0.0            | 0.7238    | 0.7225    | 
1458    | 0.0            | 0.7238    | 0.7225    | 
1459    | 0.0            | 0.7238    | 0.7225    | 
1460    | 0.0            | 0.7238    | 0.7225    | 
1461    | 0.0            | 0.7238    | 0.7226    | 
1462    | 0.0            | 0.7238    | 0.7225    | 
1463    | 0.0            | 0.7238    | 0.7225    | 
1464    | 0.0            | 0.7239    | 0.7225    | 
1465    | 0.0            | 0.7239    | 0.7225    | 
1466    | 0.0            | 0.7239    | 0.7225    | 
1467    | 0.0            | 0.7238    | 0.7225    | 
1468    | 0.0            | 0.7238    | 0.7225    | 
1469    | 0.0            | 0.7239    | 0.7225    | 
1470    | 0.0            | 0.7238    | 0.7225    | 
1471    | 0.0            | 0.7238    | 0.7225    | 
1472    | 0.0            | 0.7238    | 0.7225    | 
1473    | 0.0            | 0.7238    | 0.7225    | 
1474    | 0.0            | 0.7238    | 0.7225    | 
1475    | 0.0            | 0.7238    | 0.7225    | 
1476    | 0.0            | 0.7238    | 0.7225    | 
1477    | 0.0            | 0.7238    | 0.7225    | 
1478    | 0.0            | 0.7238    | 0.7225    | 
1479    | 0.0            | 0.7238    | 0.7225    | 
1480    | 0.0            | 0.7238    | 0.7225    | 
1481    | 0.0            | 0.7238    | 0.7225    | 
1482    | 0.0            | 0.7238    | 0.7225    | 
1483    | 0.0            | 0.7239    | 0.7225    | 
1484    | 0.0            | 0.7238    | 0.7225    | 
1485    | 0.0            | 0.7238    | 0.7225    | 
1486    | 0.0            | 0.7238    | 0.7225    | 
1487    | 0.0            | 0.7238    | 0.7225    | 
1488    | 0.0            | 0.7238    | 0.7225    | 
1489    | 0.0            | 0.7238    | 0.7225    | 
1490    | 0.0            | 0.7238    | 0.7225    | 
1491    | 0.0            | 0.7238    | 0.7225    | 
1492    | 0.0            | 0.7238    | 0.7227    | 
1493    | 0.0            | 0.7238    | 0.7227    | 
1494    | 0.0            | 0.7238    | 0.7227    | 
1495    | 0.0            | 0.7238    | 0.7226    | 
1496    | 0.0            | 0.7238    | 0.7225    | 
1497    | 0.0            | 0.7238    | 0.7225    | 
1498    | 0.0            | 0.7237    | 0.7225    | 
1499    | 0.0            | 0.7237    | 0.7225    | 
1500    | 0.0            | 0.7237    | 0.7225    | 
--------------------------------------------------
Finished sucessfully.
NDCG@20 on training data: 0.7237
NDCG@20 on validation data: 0.7235
---------------------------------
